Ackermann Extra Credit Output File
Table: x = 5, y = 401
----------------------------------------------------------------------------------------------------------------------------------------------------------------------------------------
X Input     Y Input    Answer     Unoptimized Calls     Optimized Calls     Table Access Count     Y Exceeds Count     Max Y  Expanded Time (ns)  Standard Time (ns)Time Difference (ns)
----------------------------------------------------------------------------------------------------------------------------------------------------------------------------------------
      0           0         1                     1                   1                      2                   0         0               6,843               5,132               1,711

      0           1         2                     1                   1                      2                   0         1               1,283               1,283                   0

      0           2         3                     1                   1                      2                   0         2               1,283                 856                 427

      0           3         4                     1                   1                      2                   0         3               1,283                 855                 428

      0           4         5                     1                   1                      2                   0         4               1,283                 856                 427

      0           5         6                     1                   1                      2                   0         5               1,283                 856                 427

      0           6         7                     1                   1                      2                   0         6               1,283                 855                 428

      0           7         8                     1                   1                      2                   0         7               1,283                 856                 427

      0           8         9                     1                   1                      2                   0         8               1,283                 856                 427

      0           9        10                     1                   1                      2                   0         9                 855                 428                 427

      0          10        11                     1                   1                      2                   0        10               1,283                 428                 855

      0          11        12                     1                   1                      2                   0        11                 855                 428                 427

      0          12        13                     1                   1                      2                   0        12                 856                 855                   1

      0          13        14                     1                   1                      2                   0        13                 856                 855                   1

      0          14        15                     1                   1                      2                   0        14                 856                 855                   1

      0          15        16                     1                   1                      2                   0        15                 856                 855                   1

----------------------------------------------------------------------------------------------------------------------------------------------------------------------------------------
X Input     Y Input    Answer     Unoptimized Calls     Optimized Calls     Table Access Count     Y Exceeds Count     Max Y  Expanded Time (ns)  Standard Time (ns)Time Difference (ns)
----------------------------------------------------------------------------------------------------------------------------------------------------------------------------------------
      1           0         2                     2                   2                      4                   0         1               2,566              10,264              -7,698

      1           1         3                     4                   4                      8                   0         2               2,566               1,283               1,283

      1           2         4                     6                   6                     12                   0         3               2,565               1,283               1,282

      1           3         5                     8                   8                     16                   0         4               2,566                 855               1,711

      1           4         6                    10                  10                     20                   0         5               2,994               1,283               1,711

      1           5         7                    12                  12                     24                   0         6               4,704               2,994               1,710

      1           6         8                    14                  14                     28                   0         7               3,849               1,283               2,566

      1           7         9                    16                  16                     32                   0         8               3,849               1,711               2,138

      1           8        10                    18                  18                     36                   0         9               3,848               1,283               2,565

      1           9        11                    20                  20                     40                   0        10               4,704               1,283               3,421

      1          10        12                    22                  22                     44                   0        11               5,987               1,283               4,704

      1          11        13                    24                  24                     48                   0        12               4,704               1,283               3,421

      1          12        14                    26                  26                     52                   0        13               5,560               1,283               4,277

      1          13        15                    28                  28                     56                   0        14               4,704               1,283               3,421

      1          14        16                    30                  30                     60                   0        15               6,842                 855               5,987

      1          15        17                    32                  32                     64                   0        16               5,987               1,283               4,704

----------------------------------------------------------------------------------------------------------------------------------------------------------------------------------------
X Input     Y Input    Answer     Unoptimized Calls     Optimized Calls     Table Access Count     Y Exceeds Count     Max Y  Expanded Time (ns)  Standard Time (ns)Time Difference (ns)
----------------------------------------------------------------------------------------------------------------------------------------------------------------------------------------
      2           0         3                     5                   5                     10                   0         2               2,138               1,283                 855

      2           1         5                    14                  11                     22                   0         4               3,422               1,282               2,140

      2           2         7                    27                  17                     34                   0         6               4,277                 855               3,422

      2           3         9                    44                  23                     46                   0         8               5,132               1,283               3,849

      2           4        11                    65                  29                     58                   0        10               5,987               1,283               4,704

      2           5        13                    90                  35                     70                   0        12               8,553                 855               7,698

      2           6        15                   119                  41                     82                   0        14               8,553                 855               7,698

      2           7        17                   152                  47                     94                   0        16               8,553               1,283               7,270

      2           8        19                   189                  53                    106                   0        18              44,048               2,138              41,910

      2           9        21                   230                  59                    118                   0        20              11,975               2,138               9,837

      2          10        23                   275                  65                    130                   0        22              14,112               2,566              11,546

      2          11        25                   324                  71                    142                   0        24              25,231               3,422              21,809

      2          12        27                   377                  77                    154                   0        26               2,138               2,993                -855

      2          13        29                   434                  83                    166                   0        28               2,566               3,421                -855

      2          14        31                   495                  89                    178                   0        30               2,993               2,994                  -1

      2          15        33                   560                  95                    190                   0        32               2,993               3,422                -429

----------------------------------------------------------------------------------------------------------------------------------------------------------------------------------------
X Input     Y Input    Answer     Unoptimized Calls     Optimized Calls     Table Access Count     Y Exceeds Count     Max Y  Expanded Time (ns)  Standard Time (ns)Time Difference (ns)
----------------------------------------------------------------------------------------------------------------------------------------------------------------------------------------
      3           0         5                    15                  12                     24                   0         4               1,283               1,283                   0

      3           1        13                   106                  38                     76                   0        12               1,710               1,711                  -1

      3           2        29                   541                  88                    176                   0        28               2,993               2,138                 855

      3           3        61                 2,432                 186                    372                   0        60               5,132              15,823             -10,691

      3           4       125                10,307                 380                    760                   0       124              13,685              88,524             -74,839

      3           5       253                42,438                 766                  1,532                   0       252              23,948             277,120            -253,172

      3           6       509               172,233               7,154                  2,642               5,833       508             334,853           1,579,755          -1,244,902

      3           7     1,021               693,964             194,036                  3,452             192,310     1,020           7,858,576           4,259,865           3,598,711

      3           8     2,045             2,785,999           1,465,846                  4,698           1,463,497     2,044           9,429,778          12,510,173          -3,080,395

      3           9     4,093            11,164,370           8,203,768                  7,992           8,199,772     4,092          56,572,684          54,901,838           1,670,846

      3          10     8,189            44,698,325          38,456,826                 15,382          38,449,135     8,188         271,128,157         289,143,524         -18,015,367

      3          11    16,381           178,875,096         166,071,804                 30,964         166,056,322    16,380       1,221,245,269       1,030,715,846         190,529,423

      3          12                                                                        Error, results in stack overflow.
      3          13                                                                        Error, results in stack overflow.
      3          14                                                                        Error, results in stack overflow.
      3          15                                                                        Error, results in stack overflow.
----------------------------------------------------------------------------------------------------------------------------------------------------------------------------------------
X Input     Y Input    Answer     Unoptimized Calls     Optimized Calls     Table Access Count     Y Exceeds Count     Max Y  Expanded Time (ns)  Standard Time (ns)Time Difference (ns)
----------------------------------------------------------------------------------------------------------------------------------------------------------------------------------------
      4           0        13                   107                  39                     78                   0        12               2,566              16,678             -14,112

      4           1                                                                        Error, results in stack overflow.
      4           2                                                                        Error, results in stack overflow.
      4           3                                                                        Error, results in stack overflow.
      4           4                                                                        Error, results in stack overflow.
      4           5                                                                        Error, results in stack overflow.
      4           6                                                                        Error, results in stack overflow.
      4           7                                                                        Error, results in stack overflow.
      4           8                                                                        Error, results in stack overflow.
      4           9                                                                        Error, results in stack overflow.
      4          10                                                                        Error, results in stack overflow.
      4          11                                                                        Error, results in stack overflow.
      4          12                                                                        Error, results in stack overflow.
      4          13                                                                        Error, results in stack overflow.
      4          14                                                                        Error, results in stack overflow.
      4          15                                                                        Error, results in stack overflow.
