Ackermann Output File

----------------------------------------------------------------------------------------------------------------------------
X Input     Y Input    Answer     Unoptimized Calls     Optimized Calls     Table Access Count     Y Exceeds Count     Max Y
----------------------------------------------------------------------------------------------------------------------------
      0           0         1                     1                   1                      2                   0         0

      0           1         2                     1                   1                      2                   0         1

      0           2         3                     1                   1                      2                   0         2

      0           3         4                     1                   1                      2                   0         3

      0           4         5                     1                   1                      2                   0         4

      0           5         6                     1                   1                      2                   0         5

      0           6         7                     1                   1                      2                   0         6

      0           7         8                     1                   1                      2                   0         7

      0           8         9                     1                   1                      2                   0         8

      0           9        10                     1                   1                      2                   0         9

      0          10        11                     1                   1                      2                   0        10

      0          11        12                     1                   1                      2                   0        11

      0          12        13                     1                   1                      2                   0        12

      0          13        14                     1                   1                      2                   0        13

      0          14        15                     1                   1                      2                   0        14

      0          15        16                     1                   1                      2                   0        15

----------------------------------------------------------------------------------------------------------------------------
X Input     Y Input    Answer     Unoptimized Calls     Optimized Calls     Table Access Count     Y Exceeds Count     Max Y
----------------------------------------------------------------------------------------------------------------------------
      1           0         2                     2                   2                      4                   0         1

      1           1         3                     4                   4                      8                   0         2

      1           2         4                     6                   6                     12                   0         3

      1           3         5                     8                   8                     16                   0         4

      1           4         6                    10                  10                     20                   0         5

      1           5         7                    12                  12                     24                   0         6

      1           6         8                    14                  14                     28                   0         7

      1           7         9                    16                  16                     32                   0         8

      1           8        10                    18                  18                     36                   0         9

      1           9        11                    20                  20                     40                   0        10

      1          10        12                    22                  22                     44                   0        11

      1          11        13                    24                  24                     48                   0        12

      1          12        14                    26                  26                     52                   0        13

      1          13        15                    28                  28                     56                   0        14

      1          14        16                    30                  30                     60                   0        15

      1          15        17                    32                  32                     64                   0        16

----------------------------------------------------------------------------------------------------------------------------
X Input     Y Input    Answer     Unoptimized Calls     Optimized Calls     Table Access Count     Y Exceeds Count     Max Y
----------------------------------------------------------------------------------------------------------------------------
      2           0         3                     5                   5                     10                   0         2

      2           1         5                    14                  11                     22                   0         4

      2           2         7                    27                  17                     34                   0         6

      2           3         9                    44                  23                     46                   0         8

      2           4        11                    65                  29                     58                   0        10

      2           5        13                    90                  35                     70                   0        12

      2           6        15                   119                  41                     82                   0        14

      2           7        17                   152                  47                     94                   0        16

      2           8        19                   189                  53                    106                   0        18

      2           9        21                   230                  59                    118                   0        20

      2          10        23                   275                  65                    130                   0        22

      2          11        25                   324                  71                    142                   0        24

      2          12        27                   377                  77                    154                   0        26

      2          13        29                   434                  83                    166                   0        28

      2          14        31                   495                  89                    178                   0        30

      2          15        33                   560                  95                    190                   0        32

----------------------------------------------------------------------------------------------------------------------------
X Input     Y Input    Answer     Unoptimized Calls     Optimized Calls     Table Access Count     Y Exceeds Count     Max Y
----------------------------------------------------------------------------------------------------------------------------
      3           0         5                    15                  12                     24                   0         4

      3           1        13                   106                  38                     76                   0        12

      3           2        29                   541                  88                    176                   0        28

      3           3        61                 2,432                 186                    372                   0        60

      3           4       125                10,307                 622                    666                 289       124

      3           5       253                42,438              12,016                    876              11,578       252

      3           6       509               172,233              90,354                  1,186              89,761       508

      3           7     1,021               693,964             509,172                  2,008             508,168     1,020

      3           8     2,045             2,785,999           2,395,382                  3,854           2,393,455     2,044

      3           9     4,093            11,164,370          10,362,104                  7,748          10,358,230     4,092

      3          10     8,189            44,698,325          43,072,762                 15,738          43,064,893     8,188

      3          11    16,381           178,875,096         175,602,940                 31,920         175,586,980    16,380

      3          12                                                                        Error, results in stack overflow.
      3          13                                                                        Error, results in stack overflow.
      3          14                                                                        Error, results in stack overflow.
      3          15                                                                        Error, results in stack overflow.
----------------------------------------------------------------------------------------------------------------------------
X Input     Y Input    Answer     Unoptimized Calls     Optimized Calls     Table Access Count     Y Exceeds Count     Max Y
----------------------------------------------------------------------------------------------------------------------------
      4           0        13                   107                  39                     78                   0        12

      4           1                                                                        Error, results in stack overflow.
      4           2                                                                        Error, results in stack overflow.
      4           3                                                                        Error, results in stack overflow.
      4           4                                                                        Error, results in stack overflow.
      4           5                                                                        Error, results in stack overflow.
      4           6                                                                        Error, results in stack overflow.
      4           7                                                                        Error, results in stack overflow.
      4           8                                                                        Error, results in stack overflow.
      4           9                                                                        Error, results in stack overflow.
      4          10                                                                        Error, results in stack overflow.
      4          11                                                                        Error, results in stack overflow.
      4          12                                                                        Error, results in stack overflow.
      4          13                                                                        Error, results in stack overflow.
      4          14                                                                        Error, results in stack overflow.
      4          15                                                                        Error, results in stack overflow.
